 486
 499
 499
 499
 499
 498
 498
 500
 500
 501
 500
 497
 503
 498
 497
 497
 498
 502
 479
 502
 504
 475
 500
 523
 387
 503
 506
 529
 497
 501
 502
 499
 503
 506
 351
 506
 510
 501
 492
 502
 506
 503
 501
 499
 507
 504
 501
 499
 490
 501
 501
 507
 499
 514
 502
 506
 500
 501
 500
 498
 498
 500
 528
 499
 501
 498
 499
 495
 519
 506
 527
 511
 497
 495
 499
 499
 502
 507
 499
 502
 501
 502
 505
 502
 498
 519
 522
 501
 500
 503
 497
 374
 487
 497
 503
 500
 501
 521
 501
 500
 500
 498
 529
 485
 501
 496
 499
 501
 500
 519
 498
 499
 526
 498
 491
 468
 504
 504
 503
 502
 501
 503
 495
 499
 503
 501
 502
 502
 505
 502
 502
 501
 356
 514
 528
 500
 493
 499
 495
 519
 499
 501
 500
 505
 477
 499
 501
 501
 500
 501
 504
 498
 506
 498
 500
 505
 501
 506
 498
 596
 321
 643
 456
 503
 550
 377
 620
 486
 530
 499
 445
 462
 348
 495
 493
 552
 472
 565
 506
 476
 557
 403
 598
 473
 505
 534
 437
 592
 482
 491
 449
 488
 553
 518
 520
 425
 520
 301
 565
 515
 435
 548
 470
 564
 495
 443
 501
 477
 542
 523
 465
 489
 515
 343
 520
 525
 425
 553
 470
 555
 516
 385
 569
 437
 566
 518
 388
 567
 494
 558
 525
 405
 533
 515
 536
 524
 415
 479
 562
 511
 550
 467
 437
 607
 471
 599
 477
 423
 593
 449
 579
 492
 351
 594
 445
 574
 523
 350
 589
 490
 556
 549
 356
 544
 559
 531
 606
 357
 529
 551
 461
 571
 390
 505
 606
 452
 585
 444
 433
 623
 431
 591
 466
 396
 627
 449
 595
 498
 370
 588
 482
 564
 506
 357
 565
 500
 543
 535
 364
 550
 595
 516
 543
 354
 538
 595
 460
 614
 359
 509
 553
 476
 587
 350
 489
 556
 479
 512
 379
 486
 542
 342
 607
 396
 452
 542
 561
 561
 480
 438
 554
 545
 517
 510
 387
 566
 556
 511
 505
 371
 585
 534
 497
 580
 370
 564
 508
 502
 597
 333
 556
 503
 526
 595
 349
 541
 500
 549
 592
 355
 534
 521
 555
 612
 363
 490
 547
 546
 542
 410
 496
 554
 529
 534
 420
 423
 565
 515
 340
 495
 434
 569
 501
 542
 505
 427
 587
 504
 545
 526
 364
 549
 507
 543
 543
 335
 563
 516
 551
 553
 341
 554
 529
 547
 554
 350
 554
 507
 514
 552
 341
 562
 535
 522
 555
 354
 534
 529
 511
 531
 404
 516
 526
 513
 529
 415
 512
 568
 518
 552
 460
 457
 427
 511
 544
 471
 433
 549
 532
 535
 480
 385
 562
 539
 530
 507
 400
 575
 534
 511
 542
 381
 561
 527
 511
 517
 376
 556
 527
 527
 487
 519
 488
 499
 498
 505
 517
 509
 491
 499
 507
 499
 496
 500
 506
 529
 498
 509
 503
 510
 513
 505
 505
 503
 535
 498
 501
 498
 491
 507
 539
 498
 507
 510
 500
 498
 498
 505
 499
 518
 509
 502
 547
 510
 498
 503
 507
 473
 495
 491
 509
 506
 500
 498
 500
 506
 516
 451
 503
 579
 413
 573
 471
 495
 589
 317
 627
 452
 503
 536
 411
 585
 509
 507
 487
 463
 525
 594
 530
 476
 559
 484
 573
 507
 471
 530
 435
 575
 477
 485
 491
 459
 553
 504
 523
 317
 515
 525
 542
 514
 416
 535
 514
 567
 513
 415
 542
 439
 572
 513
 452
 515
 544
 562
 503
 468
 457
 542
 510
 522
 497
 412
 619
 456
 559
 419
 395
 586
 460
 601
 502
 381
 580
 453
 547
 510
 395
 541
 523
 298
 523
 406
 479
 554
 525
 368
 450
 456
 601
 480
 591
 484
 425
 607
 410
 591
 468
 382
 584
 438
 577
 515
 374
 577
 480
 582
 508
 399
 545
 535
 546
 547
 390
 528
 553
 475
 576
 396
 483
 608
 444
 594
 403
 451
 589
 412
 624
 421
 373
 584
 441
 610
 434
 391
 584
 485
 569
 488
 390
 560
 545
 549
 498
 386
 540
 625
 516
 517
 367
 540
 586
 276
 606
 374
 543
 553
 472
 575
 386
 543
 546
 468
 628
 405
 492
 512
 529
 602
 342
 487
 533
 569
 537
 478
 461
 560
 559
 520
 484
 281
 597
 552
 533
 460
 418
 588
 523
 473
 584
 400
 544
 509
 518
 589
 324
 514
 511
 504
 582
 363
 541
 502
 576
 564
 367
 521
 573
 529
 551
 357
 530
 541
 588
 514
 401
 518
 540
 533
 496
 426
 461
 560
 508
 535
 518
 438
 555
 497
 613
 469
 501
 537
 501
 595
 505
 361
 539
 507
 562
 516
 347
 372
 514
 579
 558
 367
 562
 371
 541
 538
 367
 547
 568
 511
 516
 367
 551
 511
 505
 573
 399
 554
 525
 498
 553
 422
 495
 529
 531
 543
 425
 442
 542
 525
 557
 456
 484
 540
 510
 544
 450
 320
 544
 530
 503
 567
 354
 572
 509
 503
 479
 503
 506
 502
 505
 499
 502
 502
 498
 500
 503
 502
 497
 500
 500
 504
 500
 499
 504
 497
 505
 501
 503
 506
 499
 500
 522
 498
 502
 497
 313
 523
 505
 501
 504
 495
 505
 497
 506
 499
 532
 501
 498
 421
 494
 502
 499
 503
 501
 511
 501
 502
 498
 530
 464
 511
 533
 330
 659
 459
 504
 334
 507
 538
 511
 488
 486
 603
 438
 598
 502
 483
 526
 380
 629
 466
 552
 485
 431
 588
 480
 504
 453
 534
 510
 513
 532
 357
 575
 474
 419
 484
 475
 539
 445
 575
 504
 476
 467
 490
 559
 483
 544
 445
 572
 491
 530
 514
 426
 578
 458
 553
 517
 441
 548
 443
 574
 513
 415
 526
 336
 545
 505
 477
 473
 546
 528
 556
 478
 413
 587
 444
 544
 492
 405
 607
 446
 598
 502
 388
 588
 425
 574
 506
 404
 518
 514
 583
 524
 420
 507
 544
 497
 544
 432
 488
 599
 452
 561
 438
 425
 624
 419
 615
 471
 417
 623
 411
 597
 467
 391
 575
 450
 590
 499
 404
 536
 482
 548
 520
 396
 509
 574
 506
 532
 409
 541
 606
 453
 612
 408
 472
 615
 395
 598
 407
 458
 593
 406
 650
 439
 466
 553
 491
 595
 403
 440
 541
 530
 564
 464
 412
 516
 564
 458
 329
 391
 511
 614
 413
 598
 397
 539
 558
 403
 593
 368
 523
 565
 459
 601
 394
 532
 510
 483
 601
 381
 489
 540
 548
 541
 401
 489
 518
 595
 501
 432
 427
 538
 600
 492
 505
 421
 591
 546
 423
 527
 431
 553
 529
 430
 371
 366
 593
 513
 495
 590
 351
 582
 495
 532
 579
 364
 421
 538
 558
 528
 364
 520
 521
 580
 493
 379
 528
 537
 568
 463
 421
 496
 542
 564
 431
 497
 482
 556
 525
 461
 519
 469
 555
 520
 459
 553
 439
 557
 513
 522
 545
 398
 601
 508
 530
 541
 371
 559
 515
 548
 489
 289
 541
 543
 559
 457
 399
 552
 539
 548
 442
 443
 562
 568
 537
 433
 473
 523
 541
 527
 433
 493
 397
 548
 523
 483
 517
 460
 476
 529
 494
 516
 451
 549
 521
 472
 497
 431
 538
 524
 537
 501
 414
 542
 546
 532
 439
 442
 560
 572
 526
 424
 461
 549
 544
 535
 415
 469
 537
 540
 498
 418
 516
 539
 536
 518
 465
 521
 518
 532
 521
 452
 507
 476
 531
 525
 476
 499
 468
 535
 562
 483
 488
 452
 541
 534
 495
 445
 458
 553
 542
 506
 432
 493
 555
 534
 505
 454
 505
 547
 537
 510
 410
 494
 571
 529
 503
 412
 534
 527
 495
 512
 512
 501
 507
 503
 501
 498
 500
 501
 478
 499
 503
 506
 472
 502
 485
 501
 530
 499
 502
 506
 504
 504
 505
 500
 502
 498
 504
 354
 616
 299
 660
 468
 500
 544
 453
 584
 533
 510
 486
 524
 461
 551
 495
 485
 575
 329
 633
 366
 483
 545
 366
 596
 487
 506
 506
 465
 404
 510
 489
 474
 528
 517
 530
 507
 450
 564
 414
 586
 499
 473
 559
 400
 621
 548
 466
 508
 518
 582
 505
 457
 454
 481
 519
 509
 533
 445
 586
 466
 546
 516
 420
 576
 406
 591
 505
 418
 567
 413
 581
 511
 419
 312
 506
 562
 520
 461
 467
 586
 511
 528
 454
 449
 574
 480
 576
 473
 425
 607
 312
 563
 509
 437
 384
 394
 588
 495
 418
 569
 418
 558
 516
 426
 530
 493
 576
 300
 425
 538
 575
 479
 545
 438
 474
 642
 441
 596
 447
 482
 616
 377
 601
 448
 417
 596
 406
 349
 461
 415
 585
 432
 583
 537
 402
 553
 569
 524
 477
 433
 527
 566
 497
 564
 413
 504
 619
 405
 584
 418
 486
 665
 361
 589
 428
 453
 620
 349
