 494
 511
 495
 518
 495
 461
 499
 498
 492
 490
 495
 487
 502
 494
 500
 499
 510
 502
 491
 495
 481
 503
 501
 502
 519
 497
 525
 500
 505
 468
 507
 503
 530
 494
 501
 525
 521
 507
 505
 495
 501
 302
 472
 510
 474
 498
 550
 526
 508
 499
 501
 494
 507
 501
 506
 501
 303
 501
 509
 521
 492
 494
 495
 501
 518
 502
 545
 495
 546
 476
 490
 505
 507
 498
 503
 490
 481
 500
 499
 509
 507
 502
 512
 493
 500
 509
 507
 495
 500
 485
 502
 490
 269
 490
 464
 493
 512
 501
 285
 491
 494
 493
 499
 501
 514
 502
 531
 517
 497
 511
 467
 510
 501
 498
 501
 498
 354
 492
 503
 499
 501
 506
 499
 500
 502
 514
 514
 317
 515
 496
 497
 513
 502
 495
 514
 487
 501
 499
 504
 499
 497
 499
 519
 498
 505
 475
 499
 502
 504
 500
 499
 434
 595
 498
 493
 515
 443
 499
 582
 523
 467
 507
 451
 464
 577
 522
 458
 486
 319
 546
 589
 538
 520
 484
 402
 549
 566
 550
 486
 475
 371
 595
 556
 507
 471
 489
 390
 548
 565
 518
 473
 426
 414
 507
 605
 504
 459
 403
 539
 515
 580
 500
 478
 383
 552
 581
 578
 462
 476
 430
 543
 596
 511
 511
 439
 486
 516
 596
 484
 451
 377
 539
 551
 545
 460
 481
 392
 352
 591
 532
 462
 396
 466
 530
 613
 506
 511
 373
 551
 546
 555
 466
 476
 407
 565
 596
 506
 459
 405
 541
 518
 569
 288
 500
 378
 557
 581
 542
 467
 450
 496
 538
 556
 485
 500
 391
 574
 554
 561
 469
 523
 444
 546
 616
 490
 496
 436
 517
 546
 564
 473
 497
 413
 544
 572
 501
 492
 477
 489
 522
 570
 481
 506
 411
 552
 557
 334
 484
 490
 453
 529
 566
 460
 506
 401
 487
 529
 524
 499
 509
 439
 529
 554
 498
 501
 423
 388
 522
 530
 467
 508
 411
 548
 544
 511
 498
 429
 483
 522
 534
 477
 520
 443
 563
 525
 509
 486
 436
 468
 540
 416
 488
 506
 424
 558
 524
 505
 521
 482
 452
 533
 538
 498
 510
 426
 534
 520
 514
 483
 486
 447
 536
 535
 493
 514
 436
 550
 522
 518
 481
 482
 427
 563
 566
 496
 521
 455
 543
 521
 516
 479
 508
 422
 549
 533
 493
 496
 440
 541
 521
 556
 470
 529
 436
 536
 521
 496
 489
 499
 513
 524
 516
 479
 513
 443
 557
 529
 504
 517
 308
 514
 514
 517
 504
 494
 493
 502
 505
 503
 498
 500
 498
 501
 528
 498
 505
 495
 477
 519
 546
 499
 516
 506
 505
 504
 499
 509
 506
 534
 501
 498
 368
 501
 527
 530
 561
 450
 456
 456
 523
 467
 383
 513
 500
 451
 531
 498
 623
 495
 497
 402
 549
 426
 618
 416
 497
 383
 377
 548
 606
 385
 556
 439
 558
 556
 525
 398
 521
 457
 496
 589
 501
 482
 414
 484
 515
 601
 443
 524
 378
 543
 553
 587
 402
 499
 391
 538
 592
 552
 428
 459
 506
 520
 613
 409
 529
 408
 549
 560
 609
 401
 526
 425
 551
 603
 492
 406
 485
 482
 526
 602
 438
 537
 373
 527
 561
 560
 405
 406
 405
 538
 570
 490
 498
 402
 475
 530
 586
 435
 527
 376
 547
 565
 485
 451
 453
 407
 531
 594
 474
 516
 402
 550
 546
 560
 433
 507
 386
 547
 584
 517
 494
 437
 527
 523
 571
 434
 544
 380
 549
 574
 539
 463
 474
 511
 559
 582
 449
 539
 400
 557
 560
 557
 447
 488
 454
 545
 575
 459
 529
 437
 527
 543
 555
 442
 537
 440
 556
 573
 478
 521
 474
 500
 529
 564
 448
 537
 405
 546
 549
 508
 508
 494
 463
 533
 556
 468
 536
 418
 542
 539
 517
 485
 516
 442
 555
 558
 517
 520
 395
 536
 537
 521
 479
 523
 419
 540
 543
 507
 514
 418
 504
 530
 520
 447
 527
 415
 584
 527
 497
 505
 444
 479
 530
 558
 470
 521
 411
 549
 528
 503
 493
 458
 452
 500
 532
 475
 522
 412
 583
 530
 508
 483
 480
 438
 543
 577
 478
 508
 425
 550
 520
 507
 476
 493
 431
 557
 562
 479
 502
 452
 568
 525
 513
 474
 532
 487
 502
 498
 476
 538
 496
 497
 498
 501
 502
 504
 497
 499
 501
 507
 498
 505
 500
 484
 502
 506
 501
 354
 584
 591
 490
 455
 497
 413
 549
 583
 536
 451
 510
 406
 520
 581
 534
 454
 480
 408
 531
 609
 461
 459
 455
 527
 516
 610
 428
 515
 451
 560
 559
 559
 443
 517
 395
 533
 554
 566
 433
 562
 398
 557
 587
 549
 437
 447
 437
 527
 619
 442
 485
 425
 537
 619
 601
 399
 516
 371
 565
 581
 507
 435
 492
 492
 355
 588
 436
 505
 413
 537
 551
 574
 432
 508
 410
 569
 570
 494
 315
 498
 448
 522
 584
 448
 514
 393
 564
 493
 555
 441
 528
 277
 553
 602
 507
 479
 405
 527
 531
 577
 415
 517
 382
 566
 554
 555
 447
 489
 450
 566
 563
 449
 484
 436
 525
 531
 593
 473
 538
 399
 571
 563
 488
 484
 486
 466
 534
 574
 460
 529
 446
 558
 534
 560
 509
 511
 421
 595
 560
 481
 503
 463
 543
 531
 539
 421
 527
 397
 552
 548
 505
 485
 448
 463
 526
 562
 459
 522
 390
 567
 268
 513
 493
 513
 430
 554
 559
 485
 511
 409
 514
 517
 524
 507
 507
 402
 553
 554
 494
 479
 423
 491
 571
 542
 484
 522
 403
 561
 309
 513
 373
 494
 451
 542
 519
 469
 558
 435
 567
 526
 518
 479
 487
 432
 557
 533
 501
 508
 443
 537
 527
 527
 479
 524
 417
 542
 521
 500
 487
 464
 527
 539
 533
 498
 564
 428
 532
 524
 500
 436
 476
 495
 558
 499
 479
 471
 441
 558
 538
 510
 469
 488
 473
 589
 536
 505
 523
 432
 559
 524
 541
 482
 518
 440
 556
 483
 520
 516
 530
 506
 485
 511
 487
 509
 461
 600
 498
 505
 507
 514
 482
 561
 522
 488
 501
 450
 545
 497
 504
 494
 509
 495
 525
 538
 488
 503
 448
 535
 522
 302
 497
 516
 481
 548
 510
 498
 498
 505
 498
 525
 509
 489
 486
 476
 566
 528
 525
 510
 470
 489
 553
 505
 502
 502
 356
 549
 538
 506
 493
 484
 492
 533
 541
 485
 507
 470
 547
 557
 511
 508
 513
