 495
 499
 497
 498
 501
 499
 498
 498
 499
 500
 499
 502
 502
 498
 502
 500
 497
 337
 528
 500
 515
 498
 501
 498
 500
 499
 499
 497
 499
 532
 519
 500
 502
 498
 499
 504
 501
 501
 500
 505
 506
 515
 501
 502
 516
 503
 509
 502
 506
 497
 497
 500
 501
 526
 502
 501
 501
 499
 488
 500
 497
 497
 502
 501
 503
 503
 499
 500
 501
 501
 505
 510
 498
 501
 521
 504
 496
 503
 499
 501
 519
 497
 501
 527
 502
 498
 500
 501
 504
 500
 498
 501
 500
 500
 504
 497
 500
 504
 488
 503
 499
 499
 502
 500
 502
 500
 506
 516
 507
 501
 458
 505
 495
 534
 501
 531
 500
 498
 524
 499
 508
 500
 503
 501
 500
 513
 500
 504
 502
 505
 366
 499
 498
 505
 498
 499
 496
 501
 501
 506
 504
 498
 503
 501
 500
 504
 500
 499
 477
 502
 488
 476
 501
 510
 509
 506
 501
 503
 499
 502
 498
 498
 486
 501
 507
 499
 501
 508
 501
 499
 500
 498
 497
 499
 504
 507
 496
 537
 502
 502
 498
 504
 344
 496
 548
 572
 518
 505
 343
 456
 546
 540
 603
 540
 488
 486
 479
 313
 460
 476
 536
 651
 540
 517
 514
 433
 315
 470
 563
 585
 689
 550
 468
 433
 348
 325
 536
 671
 558
 654
 531
 490
 429
 365
 424
 529
 675
 549
 601
 461
 390
 337
 345
 449
 602
 695
 535
 592
 444
 299
 332
 539
 583
 614
 666
 378
 398
 441
 310
 425
 655
 654
 577
 607
 491
 323
 373
 490
 480
 650
 672
 508
 540
 404
 290
 390
 578
 644
 565
 632
 475
 303
 395
 365
 531
 651
 665
 518
 493
 413
 281
 407
 625
 612
 610
 615
 457
 375
 404
 430
 578
 667
 659
 499
 558
 422
 283
 482
 606
 639
 609
 547
 453
 289
 422
 375
 545
 657
 639
 511
 418
 433
 345
 461
 643
 651
 594
 550
 445
 286
 442
 520
 607
 662
 607
 475
 325
 438
 378
 530
 665
 641
 524
 414
 307
 293
 488
 634
 611
 602
 539
 457
 301
 365
 514
 521
 662
 611
 470
 388
 455
 377
 548
 643
 634
 511
 489
 453
 301
 496
 578
 602
 603
 494
 458
 292
 481
 424
 560
 655
 579
 509
 360
 479
 424
 507
 636
 641
 578
 456
 449
 336
 500
 570
 615
 584
 537
 457
 300
 479
 405
 570
 630
 588
 497
 341
 495
 360
 541
 498
 498
 352
 500
 506
 495
 517
 499
 501
 503
 500
 498
 496
 503
 501
 498
 502
 502
 498
 502
 490
 499
 500
 505
 500
 561
 550
 297
 576
 531
 525
 668
 563
 497
 521
 539
 293
 559
 595
 529
 563
 574
 479
 337
 561
 352
 550
 667
 540
 518
 529
 356
 313
 557
 628
 532
 631
 564
 439
 350
 501
 430
 543
 694
 529
 469
 495
 415
 325
 540
 624
 549
 598
 516
 425
 434
 466
 416
 548
 669
 544
 539
 508
 377
 325
 495
 573
 535
 615
 496
 385
 377
 429
 393
 577
 680
 527
 521
 507
 395
 382
 566
 630
 556
 643
 514
 346
 456
 477
 485
 555
 662
 495
 414
 483
 363
 405
 584
 610
 528
 378
 493
 333
 420
 542
 479
 574
 650
 497
 429
 468
 320
 477
 583
 654
 507
 363
 495
 336
 431
 538
 573
 555
 580
 495
 342
 451
 419
 486
 590
 642
 510
 438
 462
 400
 454
 594
 632
 545
 559
 471
 329
 463
 525
 560
 560
 631
 484
 340
 474
 406
 344
 599
 645
 503
 440
 471
 324
 521
 589
 580
 549
 546
 466
 334
 477
 525
 561
 598
 605
 476
 407
 479
 402
 530
 591
 613
 503
 438
 464
 324
 508
 528
 581
 568
 544
 466
 337
 495
 506
 588
 609
 594
 507
 426
 459
 392
 526
 602
 586
 505
 523
 461
 334
 481
 505
 574
 564
 582
 467
 346
 517
 440
 558
 586
 577
 465
 395
 492
 362
 549
 593
 570
 536
 488
 476
 341
 533
 581
 577
 573
 531
 460
 350
 518
 498
 567
 593
 555
 473
 375
 476
 398
 564
 592
 565
 312
 445
 453
 363
 563
 549
 570
 526
 424
 503
 500
 498
 538
 499
 479
 500
 500
 499
 293
 500
 496
 311
 500
 503
 485
 500
 500
 508
 505
 499
 510
 479
 503
 501
 501
 505
 562
 563
 531
 505
 541
 314
 527
 573
 438
 559
 549
 484
 405
 538
 314
 501
 673
 487
 538
 562
 492
 424
 531
 434
 511
 703
 461
 483
 573
 467
 317
 515
 461
 491
 674
 514
 486
 510
 472
 306
 542
 636
 486
 662
 527
 432
 465
 473
 403
 549
 652
 521
 533
 534
 398
 367
 516
 469
 509
 697
 521
 539
 488
 411
 341
 576
 614
 498
 620
 527
 390
 426
 458
 475
 581
 643
 544
 549
 475
 357
 384
 531
 529
 529
 614
 477
 474
 456
 444
 409
 558
 641
 572
 603
 509
 291
 404
 547
 580
 515
 629
 524
 437
 424
 346
 475
 584
 657
 526
 543
 495
 315
 418
 527
 635
 565
 650
 530
 375
 456
 382
 258
 585
 649
 474
 498
 494
 326
 459
 484
 577
 565
 574
 506
 389
 446
 438
 493
 586
 637
 512
 492
 484
 331
 466
 543
 658
 508
 592
 502
 346
 473
 419
 550
 580
 632
 538
 410
 442
 358
 485
 626
 613
 530
 518
 490
 328
 526
 506
 593
 548
 598
 493
 416
 490
 383
 520
 603
 634
 502
 434
 490
 349
 459
 487
 574
 560
 532
 531
 367
 502
 475
 526
 602
 603
 519
 461
