 501
 499
 500
 499
 498
 497
 500
 499
 499
 499
 499
 499
 503
 496
 496
 502
 527
 493
 517
 499
 502
 515
 492
 549
 505
 502
 499
 503
 513
 495
 353
 503
 497
 501
 495
 515
 501
 477
 506
 487
 502
 505
 496
 502
 528
 514
 492
 505
 504
 290
 513
 489
 454
 386
 470
 555
 505
 488
 504
 501
 500
 493
 492
 496
 522
 511
 504
 504
 492
 486
 503
 498
 504
 511
 499
 500
 544
 489
 486
 528
 465
 508
 499
 544
 499
 493
 530
 511
 498
 491
 510
 500
 503
 496
 491
 511
 502
 507
 500
 500
 495
 498
 472
 492
 497
 514
 497
 506
 496
 493
 509
 539
 425
 493
 493
 510
 507
 504
 499
 494
 495
 508
 497
 507
 499
 501
 506
 500
 539
 495
 510
 501
 501
 500
 494
 495
 499
 502
 501
 500
 507
 507
 503
 504
 517
 498
 503
 509
 510
 496
 525
 507
 484
 523
 507
 498
 492
 493
 507
 476
 509
 523
 544
 496
 498
 503
 513
 494
 517
 511
 506
 499
 526
 494
 501
 500
 530
 513
 499
 502
 502
 498
 498
 502
 508
 509
 494
 490
 591
 504
 572
 495
 502
 526
 489
 445
 473
 481
 510
 544
 501
 576
 495
 462
 483
 504
 481
 502
 524
 497
 544
 486
 503
 488
 489
 465
 513
 529
 493
 582
 487
 470
 490
 467
 464
 520
 491
 527
 558
 481
 531
 500
 367
 482
 485
 507
 499
 552
 482
 515
 493
 497
 486
 499
 485
 493
 553
 341
 512
 498
 478
 495
 498
 507
 495
 574
 489
 508
 499
 490
 487
 499
 489
 502
 546
 486
 325
 501
 481
 487
 504
 505
 495
 559
 493
 501
 498
 483
 490
 507
 495
 498
 530
 485
 481
 509
 486
 490
 499
 520
 495
 524
 498
 511
 500
 486
 494
 504
 521
 289
 525
 499
 478
 505
 493
 494
 504
 511
 434
 495
 493
 384
 538
 488
 499
 503
 528
 490
 564
 507
 512
 506
 493
 522
 499
 507
 489
 539
 501
 491
 506
 485
 497
 508
 516
 491
 511
 508
 492
 507
 502
 510
 491
 503
 491
 505
 499
 488
 493
 477
 493
 483
 520
 489
 517
 511
 507
 506
 468
 501
 501
 518
 495
 473
 507
 489
 495
 490
 501
 499
 514
 475
 502
 517
 496
 505
 494
 315
 493
 518
 506
 489
 516
 503
 497
 509
 505
 496
 528
 544
 494
 538
 492
 495
 504
 509
 495
 517
 506
 483
 513
 488
 496
 506
 501
 499
 511
 522
 483
 509
 508
 509
 501
 512
 495
 512
 505
 495
 507
 491
 490
 502
 511
 495
 500
 507
 513
 506
 498
 525
 483
 515
 502
 498
 509
 490
 508
 498
 503
 499
 513
 501
 492
 499
 499
 505
 496
 496
 505
 501
 507
 507
 506
 537
 528
 505
 498
 506
 503
 499
 499
 479
 527
 497
 503
 497
 505
 500
 500
 503
 485
 507
 514
 606
 508
 587
 465
 506
 457
 464
 494
 500
 604
 519
 574
 488
 516
 441
 464
 279
 493
 593
 504
 588
 482
 499
 477
 497
 451
 475
 514
 501
 556
 484
 548
 480
 469
 459
 471
 562
 503
 607
 496
 523
 480
 450
 493
 486
 479
 472
 589
 487
 571
 483
 468
 481
 475
 522
 493
 573
 485
 540
 485
 480
 472
 481
 303
 491
 582
 491
 545
 491
 479
 495
 477
 514
 492
 505
 486
 537
 529
 483
 486
 481
 485
 489
 493
 525
 539
 492
 478
 493
 488
 383
 499
 541
 483
 568
 501
 476
 489
 479
 487
 527
 563
 479
 542
 497
 507
 495
 466
 507
 493
 536
 495
 520
 502
 475
 498
 485
 543
 490
 546
 496
 531
 524
 469
 489
 484
 366
 499
 537
 496
 511
 510
 501
 493
 334
 528
 489
 568
 498
 528
 509
 469
 430
 480
 504
 501
 540
 498
 497
 503
 464
 496
 483
 526
 497
 543
 500
 499
 509
 468
 491
 486
 511
 503
 534
 501
 500
 509
 490
 490
 491
 526
 505
 539
 505
 477
 504
 468
 488
 488
 505
 503
 525
 504
 494
 541
 480
 495
 492
 533
 509
 530
 497
 474
 511
 509
 492
 490
 518
 501
 518
 513
 479
 501
 482
 491
 495
 528
 510
 522
 510
 477
 507
 472
 489
 510
 514
 510
 503
 346
 476
 500
 491
 493
 500
 539
 519
 489
 505
 468
 505
 465
 478
 506
 502
 511
 499
 506
 497
 495
 499
 502
 513
 501
 500
 500
 503
 503
 500
 496
 501
 497
 500
 480
 506
 514
 474
 504
 500
 499
 504
 504
 500
 497
 507
 501
 501
 502
 499
 477
 501
 500
 498
 500
 504
 504
 496
 541
 500
 499
 507
 502
 503
 495
 397
 494
 288
 538
 428
 543
 579
 537
 592
 545
 482
 379
 498
 338
 527
 575
 538
 603
 534
 472
 471
 505
 364
 516
 468
 524
 594
 524
 544
 460
 502
 396
 517
 501
 543
 599
 514
 521
 495
 507
 410
 502
 419
 523
 585
 499
 562
 489
 494
 433
 534
 443
 511
 560
 345
 546
 500
 497
 423
 511
 428
 508
 575
 541
 559
 490
 514
 451
 512
 463
 503
 554
 494
 549
 496
 495
 446
 519
 470
 508
 599
 503
 561
 498
 502
 472
 511
 471
 502
 530
 504
 541
 495
 497
 459
 499
 447
 516
 559
 517
 559
 512
 488
 479
 529
 464
 506
 526
 503
 570
 520
 491
 470
 501
 454
 503
 555
 499
 550
 501
 488
 460
 492
 472
 501
 534
 501
 529
 406
 483
 469
 496
 506
 496
 546
 499
 545
 481
 486
 465
 385
 490
 480
 570
 539
 532
 484
 464
 471
 524
 507
 500
 544
 523
 546
 537
 481
 465
 480
 481
 518
 554
 528
 498
 507
 469
 484
 497
 505
 414
 542
 537
 475
 493
 477
 476
 503
 493
 530
 538
 489
 507
 513
 495
 474
 487
 518
 534
 554
 487
 487
 495
 471
 317
 455
 493
 494
 538
 497
 521
 495
 453
 489
 518
 518
 497
 539
 502
 317
 499
 518
 469
 500
 306
 498
 543
 499
 488
 489
 518
 537
 527
 318
 501
 540
 511
 490
 534
 435
 478
 498
 512
 507
 538
 489
 487
 495
 496
